/media/storage/assembly/cov2m.fa /media/storage/assembly/ERR3569452_megahit/final.contigs.fa
NUCMER

[S1]	[E1]	[S2]	[E2]	[LEN 1]	[LEN 2]	[% IDY]	[LEN R]	[LEN Q]	[COV R]	[COV Q]	[TAGS]
3022	3568	821	1367	547	547	80.80	4718	1999	11.59	27.36	NC_002077	k141_104661	
76	160	545	629	85	85	96.47	4776	689	1.78	12.34	JB181528.1	k141_108131	
4994	5262	2447	2715	269	269	95.91	12573	5181	2.14	5.19	NC_001461	k141_67340	
37236	37312	365	289	77	77	100.00	37971	365	0.20	21.10	CS480537.1	k141_7649	
63	816	1	754	754	754	96.95	816	5844	92.40	12.90	JQ731783.1	k141_76686	[END]
2	426	377	801	425	425	97.41	426	5844	99.77	7.27	MH974774.1	k141_76686	[CONTAINED]
1	571	390	960	571	571	98.25	572	5844	99.83	9.77	KU552072.1	k141_76686	[CONTAINED]
3677	4259	1084	1666	583	583	98.12	4776	1949	12.21	29.91	JB181528.1	k141_86152	
30247	30332	1949	1864	86	86	100.00	37971	1949	0.23	4.41	CS480537.1	k141_86152	
